6.808418
2.127631
-1.347499
-2.127631
2.269473
1.914868
-2.411315
7.375787
5.673682
1.489342
1.914868
0.000000
-0.425526
0.000000
2.482236
-2.836841
10.709075
0.496447
-4.609867
0.709210
-2.127631
3.049604
-1.347499
3.546051
-8.084997
4.609867
0.283684
7.021181
-2.694999
0.567368
-6.170129
-3.971577
-6.524734
-0.141842
-4.964472
0.780131
-16.028152
10.354470
-3.262367
-9.999864
2.269473
0.000000
-2.553157
-1.205657
-2.907762
2.056710
3.120525
3.616972
5.248156
-4.822630
-5.177235
-2.765920
-4.255261
2.553157
1.418420
-0.709210
-0.496447
-3.120525
-2.198552
-3.616972
2.907762
-1.702105
-1.560263
2.411315
0.425526
1.914868
7.021181
-8.581444
0.851052
-0.992894
-3.687893
3.333288
-1.843947
4.042498
4.751709
9.219733
0.283684
-0.425526
1.134736
3.971577
-0.354605
-0.425526
-4.326183
-3.333288
-3.900656
2.056710
-2.553157
-3.120525
-1.631184
0.425526
2.411315
1.134736
2.127631
4.538946
8.865128
1.347499
0.992894
1.276578
0.425526
-0.283684
-0.496447
8.155918
0.992894
7.304866
-4.751709
-5.106314
1.702105
1.843947
-1.418420
3.758814
-0.851052
-6.170129
8.297760
-0.851052
-3.687893
-6.524734
-6.170129
0.851052
4.255261
6.028287
-1.702105
1.276578
-5.248156
-5.957366
2.765920
4.964472
1.276578
4.113419
0.851052
-0.425526
2.765920
-5.106314
12.907626
2.269473
2.553157
-5.957366
0.709210
-1.347499
4.326183
0.851052
0.141842
4.751709
3.404209
-3.475130
-2.482236
-4.397104
1.773026
4.255261
2.269473
-0.921973
2.269473
-3.829735
-0.992894
-4.468025
-9.574338
0.992894
-1.205657
1.276578
-1.418420
1.702105
-4.397104
2.553157
1.347499
-8.297760
0.141842
-1.347499
2.056710
4.184340
0.780131
-0.141842
-1.063815
-1.134736
-6.311971
0.070921
1.914868
4.397104
-0.992894
-1.347499
6.453813
-3.404209
0.283684
6.524734
2.127631
3.049604
-1.205657
-0.070921
-7.021181
2.765920
-0.780131
-3.687893
-0.851052
10.567233
4.113419
-11.701969
0.283684
4.468025
2.056710
-2.198552
-1.702105
-1.418420
0.212763
-3.262367
-6.808418
-1.205657
5.319077
4.964472
5.177235
4.184340
-3.049604
0.212763
-3.829735
4.255261
-13.474995
-33.332882
41.134194
14.893415
-66.665763
-2.836841
-7.092102
17.730256
-38.297353
20.567097
12.056574
-30.496041
-1.418420
-17.730256
3.546051
-16.311836
53.190768
-59.573661
94.324963
19.148677
13.474995
4.964472
9.219733
-9.219733
81.559178
-51.063138
-26.949989
-46.098666
76.594707
17.730256
-24.822359
-47.517086
29.786830
37.588143
4.255261
5.673682
39.006564
-53.899979
138.295998
2158.835989
29.786830
45.389456
-69.502604
-33.332882
48.226297
-58.864450
-74.467076
-17.730256
56.027609
63.119712
12.765784
-5.673682
19.857887
7.092102
42.552615
36.878933
-142.551259
-19.857887
47.517086
9.219733
19.148677
25.531569
6.382892
24.822359
4.255261
26.240779
105.672327
-20.567097
9.928943
-29.077620
-47.517086
-8.510523
19.148677
34.751302
-56.736820
32.623671
28.368410
-79.431548
-78.013127
24.822359
-7.092102
-17.730256
9.219733
-29.786830
6.382892
-22.694728
0.468079
-0.163118
-0.872329
-0.432618
-0.021276
0.312053
0.056737
0.652473
0.113474
0.865237
-0.553184
0.517723
0.177303
-0.404250
-0.226947
0.375881
0.304960
0.042553
1.170197
-0.297868
0.063829
0.198579
0.070921
0.127658
-0.248224
-0.936158
-0.134750
0.269500
-0.312053
-0.382974
0.000000
0.205671
-0.120566
-0.404250
-0.063829
-0.170210
0.255316
-0.014184
0.262408
-0.354605
-0.021276
-0.028368
-0.184395
-0.283684
0.063829
-0.205671
0.319145
0.368789
0.141842
-0.212763
0.411342
21.843676
-0.042553
0.198579
0.645381
-22.049347
-0.524816
0.191487
-0.468079
-0.241131
0.326237
0.085105
0.212763
-0.127658
0.092197
-0.113474
-0.418434
-0.234039
-0.120566
0.078013
-0.475171
-0.375881
-0.432618
0.163118
-0.333329
0.489355
0.056737
