-0.992
-0.992
-0.993
-0.991
-0.992
-0.992
-0.993
-0.992
-0.992
-0.991
-0.992
-0.993
-0.993
-0.991
-0.991
-0.992
-0.992
-0.990
-0.990
-0.992
-0.993
-0.993
-0.992
-0.992
-0.992
-0.992
-0.992
-0.992
-0.992
-0.992
-0.992
-0.991
-0.992
-0.992
-0.991
-0.992
-0.991
-0.992
-0.990
-0.990
-0.990
-0.992
-0.991
-0.989
-0.988
-0.990
-0.990
-0.990
-0.990
-0.990
-0.995
-0.990
-0.988
-0.987
-0.990
-0.990
-0.987
-0.988
-0.987
-0.989
-0.989
-0.988
-0.990
-0.990
-0.986
-0.987
-0.987
-0.989
-0.987
-0.988
-0.987
-0.986
-0.989
-0.988
-0.988
-0.989
-0.988
-0.990
-0.987
-0.987
-0.990
-0.990
-0.988
-0.988
-0.989
-0.988
-0.988
-0.987
-0.989
-0.990
-0.988
-0.985
-0.989
-0.990
-0.990
-0.990
-0.990
-0.990
-0.989
-0.990
